40
000001000002
1,1
000001,000002
0,1
2
-198,200,0
-102.828,200,0
2
-198,195.5,0
-107.328,195.5,0
2
-198,204.5,0
-98.3284,204.5,0
000002000003
1,1
000002,000003
1,1
2
-100,197.172,0
-100,106.5,0
2
-104.5,192.672,0
-104.5,106.5,0
2
-95.5,201.672,0
-95.5,106.5,0
000003000009
1,1
000003,000009
1,1
2
-93.5,100,0
-12.864,100,0
2
-93.5,95.5,0
-12.864,95.5,0
2
-93.5,104.5,0
-12.864,104.5,0
000003000010
1,1
000003,000010
1,1
2
-100,93.5,0
-100,12.864,0
2
-104.5,93.5,0
-104.5,12.864,0
2
-95.5,93.5,0
-95.5,12.864,0
000004000008
1,1
000004,000008
1,1
2
100,93.5,0
100,12.864,0
2
95.5,93.5,0
95.5,12.864,0
2
104.5,93.5,0
104.5,12.864,0
000004000009
1,1
000004,000009
1,1
2
93.5,100,0
12.864,100,0
2
93.5,104.5,0
12.864,104.5,0
2
93.5,95.5,0
12.864,95.5,0
000004000041
1,1
000004,000041
1,0
2
106.5,100,0
198,100,0
2
106.5,95.5,0
198,95.5,0
2
106.5,104.5,0
198,104.5,0
000004000042
1,1
000004,000042
1,0
2
100,106.5,0
100,198,0
2
104.5,106.5,0
104.5,198,0
2
95.5,106.5,0
95.5,198,0
000005000007
1,1
000005,000007
1,1
2
0,-8.64665,0
0,-87.136,0
2
-4.5,-8.64665,0
-4.5,-87.136,0
2
4.5,-8.64665,0
4.5,-87.136,0
000005000008
1,1
000005,000008
1,1
2
6.5,0,0
87.136,0,0
2
6.5,-4.5,0
87.136,-4.5,0
2
6.5,4.5,0
87.136,4.5,0
000005000009
1,1
000005,000009
1,1
2
0,8.64665,0
0,87.136,0
2
4.5,8.64665,0
4.5,87.136,0
2
-4.5,8.64665,0
-4.5,87.136,0
000005000051
1,1
000005,000051
1,1
2
-12.3023,4.92093,0
-48,19.2,0
2
-10.6311,9.09907,0
-48,24.0466,0
2
-13.9736,0.742781,0
-48,14.3534,0
000005000052
1,1
000005,000052
1,1
2
-12.3023,-4.92093,0
-48,-19.2,0
2
-13.9736,-0.742781,0
-48,-14.3534,0
2
-10.6311,-9.09907,0
-48,-24.0466,0
000006000007
1,1
000006,000007
1,1
2
87.136,-100,0
12.864,-100,0
2
87.136,-95.5,0
12.864,-95.5,0
2
87.136,-104.5,0
12.864,-104.5,0
000006000008
1,1
000006,000008
1,1
2
100,-93.5,0
100,-12.864,0
2
104.5,-93.5,0
104.5,-12.864,0
2
95.5,-93.5,0
95.5,-12.864,0
000006000061
1,1
000006,000061
1,0
2
90.9038,-109.096,0
21.4142,-178.586,0
2
87.7218,-105.914,0
18.2322,-175.404,0
2
94.0858,-112.278,0
24.5962,-181.768,0
000006000062
1,1
000006,000062
1,0
2
100,-112.864,0
100,-198,0
2
95.5,-112.864,0
95.5,-198,0
2
104.5,-112.864,0
104.5,-198,0
000006000063
1,1
000006,000063
1,0
2
109.096,-109.096,0
178.586,-178.586,0
2
105.914,-112.278,0
175.404,-181.768,0
2
112.278,-105.914,0
181.768,-175.404,0
000006000064
1,1
000006,000064
1,0
2
112.864,-100,0
198,-100,0
2
112.864,-104.5,0
198,-104.5,0
2
112.864,-95.5,0
198,-95.5,0
000007000008
1,1
000007,000008
1,1
2
9.09619,-90.9038,0
90.9038,-9.09619,0
2
12.2782,-94.0858,0
94.0858,-12.2782,0
2
5.91421,-87.7218,0
87.7218,-5.91421,0
000007000010
1,1
000007,000010
1,1
2
-9.09619,-90.9038,0
-90.9038,-9.09619,0
2
-5.91421,-87.7218,0
-87.7218,-5.91421,0
2
-12.2782,-94.0858,0
-94.0858,-12.2782,0
000007000071
1,1
000007,000071
1,0
2
-12.864,-100,0
-78,-100,0
2
-12.864,-95.5,0
-78,-95.5,0
2
-12.864,-104.5,0
-78,-104.5,0
000007000072
1,1
000007,000072
1,0
2
-9.09619,-109.096,0
-78.5858,-178.586,0
2
-12.2782,-105.914,0
-81.7678,-175.404,0
2
-5.91421,-112.278,0
-75.4038,-181.768,0
000007000073
1,1
000007,000073
1,0
2
0,-112.864,0
0,-198,0
2
-4.5,-112.864,0
-4.5,-198,0
2
4.5,-112.864,0
4.5,-198,0
000008000009
1,1
000008,000009
1,1
2
90.9038,9.09619,0
9.09619,90.9038,0
2
94.0858,12.2782,0
12.2782,94.0858,0
2
87.7218,5.91421,0
5.91421,87.7218,0
000008000081
1,1
000008,000081
1,0
2
109.096,-9.09619,0
178.586,-78.5858,0
2
105.914,-12.2782,0
175.404,-81.7678,0
2
112.278,-5.91421,0
181.768,-75.4038,0
000008000082
1,1
000008,000082
1,0
2
112.864,0,0
198,0,0
2
112.864,-4.5,0
198,-4.5,0
2
112.864,4.5,0
198,4.5,0
000008000083
1,1
000008,000083
1,0
2
109.096,9.09619,0
178.586,78.5858,0
2
112.278,5.91421,0
181.768,75.4038,0
2
105.914,12.2782,0
175.404,81.7678,0
000009000010
1,1
000009,000010
1,1
2
-9.09619,90.9038,0
-90.9038,9.09619,0
2
-12.2782,94.0858,0
-94.0858,12.2782,0
2
-5.91421,87.7218,0
-87.7218,5.91421,0
000009000091
1,1
000009,000091
1,0
2
14.0352,114.035,0
78.5858,178.586,0
2
17.2172,110.853,0
81.7678,175.404,0
2
10.8533,117.217,0
75.4038,181.768,0
000009000092
1,1
000009,000092
1,0
2
5.70351,119.012,0
29.4253,198.084,0
2
10.0137,117.719,0
33.7355,196.791,0
2
1.3933,120.305,0
25.1151,199.377,0
000009000093
1,1
000009,000093
1,0
2
-5.70351,119.012,0
-29.4253,198.084,0
2
-1.3933,120.305,0
-25.1151,199.377,0
2
-10.0137,117.719,0
-33.7355,196.791,0
000009000094
1,1
000009,000094
1,0
2
-14.0352,114.035,0
-78.5858,178.586,0
2
-10.8533,117.217,0
-75.4038,181.768,0
2
-17.2172,110.853,0
-81.7678,175.404,0
000010000051
1,1
000010,000051
1,1
2
-91.8067,3.27731,0
-52,19.2,0
2
-90.1355,-0.900836,0
-52,14.3534,0
2
-93.478,7.45545,0
-52,24.0466,0
000010000052
1,1
000010,000052
1,1
2
-91.8067,-3.27731,0
-52,-19.2,0
2
-93.478,-7.45545,0
-52,-24.0466,0
2
-90.1355,0.900836,0
-52,-14.3534,0
000010000101
1,1
000010,000101
1,0
2
-114.035,14.0352,0
-178.586,78.5858,0
2
-110.853,17.2172,0
-175.404,81.7678,0
2
-117.217,10.8533,0
-181.768,75.4038,0
000010000102
1,1
000010,000102
1,0
2
-119.012,5.70351,0
-198.084,29.4253,0
2
-117.719,10.0137,0
-196.791,33.7355,0
2
-120.305,1.3933,0
-199.377,25.1151,0
000010000103
1,1
000010,000103
1,0
2
-119.012,-5.70351,0
-198.084,-29.4253,0
2
-120.305,-1.3933,0
-199.377,-25.1151,0
2
-117.719,-10.0137,0
-196.791,-33.7355,0
000010000104
1,1
000010,000104
1,0
2
-114.035,-14.0352,0
-178.586,-78.5858,0
2
-117.217,-10.8533,0
-181.768,-75.4038,0
2
-110.853,-17.2172,0
-175.404,-81.7678,0
000010000105
1,1
000010,000105
1,0
2
-100,-12.864,0
-100,-78,0
2
-104.5,-12.864,0
-104.5,-78,0
2
-95.5,-12.864,0
-95.5,-78,0
