73
000001,,00
1,0
-200,200,0
4
-198,195.5,0
-198,204.5,0
-202,204.5,0
-202,195.5,0
000002,,00
1,0
-101.414,198.586,0
4
-98.3284,204.5,0
-107.328,195.5,0
-104.5,192.672,0
-95.5,201.672,0
000003,,00
1,0
-97.8333,100,0
6
-104.5,93.5,0
-95.5,93.5,0
-93.5,95.5,0
-93.5,104.5,0
-95.5,106.5,0
-104.5,106.5,0
000004,,00
1,0
100,100,0
8
95.5,93.5,0
104.5,93.5,0
106.5,95.5,0
106.5,104.5,0
104.5,106.5,0
95.5,106.5,0
93.5,104.5,0
93.5,95.5,0
000005,,00
1,0
-3.62093,0,0
10
-4.5,-8.64665,0
4.5,-8.64665,0
6.5,-4.5,0
6.5,4.5,0
4.5,8.64665,0
-4.5,8.64665,0
-10.6311,9.09907,0
-13.9736,0.742781,0
-13.9736,-0.742781,0
-10.6311,-9.09907,0
000006,,00
1,0
100,-104.093,0
12
87.136,-95.5,0
87.136,-104.5,0
87.7218,-105.914,0
94.0858,-112.278,0
95.5,-112.864,0
104.5,-112.864,0
105.914,-112.278,0
112.278,-105.914,0
112.864,-104.5,0
112.864,-95.5,0
104.5,-93.5,0
95.5,-93.5,0
000007,,00
1,0
-1.29946,-98.7005,0
14
4.5,-87.136,0
-4.5,-87.136,0
-5.91421,-87.7218,0
-12.2782,-94.0858,0
-12.864,-95.5,0
-12.864,-104.5,0
-12.2782,-105.914,0
-5.91421,-112.278,0
-4.5,-112.864,0
4.5,-112.864,0
12.864,-104.5,0
12.864,-95.5,0
12.2782,-94.0858,0
5.91421,-87.7218,0
000008,,00
1,0
100,2.22045e-16,0
16
87.136,4.5,0
87.136,-4.5,0
87.7218,-5.91421,0
94.0858,-12.2782,0
95.5,-12.864,0
104.5,-12.864,0
105.914,-12.2782,0
112.278,-5.91421,0
112.864,-4.5,0
112.864,4.5,0
112.278,5.91421,0
105.914,12.2782,0
104.5,12.864,0
95.5,12.864,0
94.0858,12.2782,0
87.7218,5.91421,0
000009,,00
1,0
1.97373e-16,103.893,0
18
-12.864,104.5,0
-12.864,95.5,0
-12.2782,94.0858,0
-5.91421,87.7218,0
-4.5,87.136,0
4.5,87.136,0
5.91421,87.7218,0
12.2782,94.0858,0
12.864,95.5,0
12.864,104.5,0
17.2172,110.853,0
10.8533,117.217,0
10.0137,117.719,0
1.3933,120.305,0
-1.3933,120.305,0
-10.0137,117.719,0
-10.8533,117.217,0
-17.2172,110.853,0
000010,,00
1,0
-103.151,1.77636e-16,0
20
-95.5,12.864,0
-104.5,12.864,0
-110.853,17.2172,0
-117.217,10.8533,0
-117.719,10.0137,0
-120.305,1.3933,0
-120.305,-1.3933,0
-117.719,-10.0137,0
-117.217,-10.8533,0
-110.853,-17.2172,0
-104.5,-12.864,0
-95.5,-12.864,0
-94.0858,-12.2782,0
-87.7218,-5.91421,0
-90.1355,-0.900836,0
-93.478,7.45545,0
-93.478,-7.45545,0
-90.1355,0.900836,0
-87.7218,5.91421,0
-94.0858,12.2782,0
000041,,00
1,0
200,100,0
4
198,104.5,0
198,95.5,0
202,95.5,0
202,104.5,0
000042,,00
1,0
100,200,0
4
95.5,198,0
104.5,198,0
104.5,202,0
95.5,202,0
000051,,00
1,0
-50,19.2,0
4
-48,14.3534,0
-48,24.0466,0
-52,24.0466,0
-52,14.3534,0
000052,,00
1,0
-50,-19.2,0
4
-52,-14.3534,0
-52,-24.0466,0
-48,-24.0466,0
-48,-14.3534,0
000061,,00
1,0
20,-180,0
4
24.5962,-181.768,0
18.2322,-175.404,0
15.4038,-178.232,0
21.7678,-184.596,0
000062,,00
1,0
100,-200,0
4
104.5,-198,0
95.5,-198,0
95.5,-202,0
104.5,-202,0
000063,,00
1,0
180,-180,0
4
181.768,-175.404,0
175.404,-181.768,0
178.232,-184.596,0
184.596,-178.232,0
000064,,00
1,0
200,-100,0
4
198,-95.5,0
198,-104.5,0
202,-104.5,0
202,-95.5,0
000071,,00
1,0
-80,-100,0
4
-78,-104.5,0
-78,-95.5,0
-82,-95.5,0
-82,-104.5,0
000072,,00
1,0
-80,-180,0
4
-75.4038,-181.768,0
-81.7678,-175.404,0
-84.5962,-178.232,0
-78.2322,-184.596,0
000073,,00
1,0
0,-200,0
4
4.5,-198,0
-4.5,-198,0
-4.5,-202,0
4.5,-202,0
000081,,00
1,0
180,-80,0
4
181.768,-75.4038,0
175.404,-81.7678,0
178.232,-84.5962,0
184.596,-78.2322,0
000082,,00
1,0
200,0,0
4
198,4.5,0
198,-4.5,0
202,-4.5,0
202,4.5,0
000083,,00
1,0
180,80,0
4
175.404,81.7678,0
181.768,75.4038,0
184.596,78.2322,0
178.232,84.5962,0
000091,,00
1,0
80,180,0
4
75.4038,181.768,0
81.7678,175.404,0
84.5962,178.232,0
78.2322,184.596,0
000092,,00
1,0
30,200,0
4
25.1151,199.377,0
33.7355,196.791,0
34.8849,200.623,0
26.2645,203.209,0
000093,,00
1,0
-30,200,0
4
-33.7355,196.791,0
-25.1151,199.377,0
-26.2645,203.209,0
-34.8849,200.623,0
000094,,00
1,0
-80,180,0
4
-81.7678,175.404,0
-75.4038,181.768,0
-78.2322,184.596,0
-84.5962,178.232,0
000101,,00
1,0
-180,80,0
4
-181.768,75.4038,0
-175.404,81.7678,0
-178.232,84.5962,0
-184.596,78.2322,0
000102,,00
1,0
-200,30,0
4
-199.377,25.1151,0
-196.791,33.7355,0
-200.623,34.8849,0
-203.209,26.2645,0
000103,,00
1,0
-200,-30,0
4
-196.791,-33.7355,0
-199.377,-25.1151,0
-203.209,-26.2645,0
-200.623,-34.8849,0
000104,,00
1,0
-180,-80,0
4
-175.404,-81.7678,0
-181.768,-75.4038,0
-184.596,-78.2322,0
-178.232,-84.5962,0
000105,,00
1,0
-100,-80,0
4
-95.5,-78,0
-104.5,-78,0
-104.5,-82,0
-95.5,-82,0
000002,000001,00
1,0
-150.414,200,0
4
-198,195.5,0
-198,204.5,0
-98.3284,204.5,0
-107.328,195.5,0
000003,000002,00
1,0
-100,151.836,0
4
-104.5,192.672,0
-95.5,201.672,0
-95.5,106.5,0
-104.5,106.5,0
000009,000003,00
1,0
-53.182,100,0
4
-93.5,95.5,0
-93.5,104.5,0
-12.864,104.5,0
-12.864,95.5,0
000010,000003,00
1,0
-100,53.182,0
4
-104.5,93.5,0
-95.5,93.5,0
-95.5,12.864,0
-104.5,12.864,0
000008,000004,00
1,0
100,53.182,0
4
95.5,93.5,0
104.5,93.5,0
104.5,12.864,0
95.5,12.864,0
000009,000004,00
1,0
53.182,100,0
4
93.5,104.5,0
93.5,95.5,0
12.864,95.5,0
12.864,104.5,0
000041,000004,00
1,0
152.25,100,0
4
106.5,95.5,0
106.5,104.5,0
198,104.5,0
198,95.5,0
000042,000004,00
1,0
100,152.25,0
4
104.5,106.5,0
95.5,106.5,0
95.5,198,0
104.5,198,0
000007,000005,00
1,0
0,-47.8913,0
4
-4.5,-8.64665,0
4.5,-8.64665,0
4.5,-87.136,0
-4.5,-87.136,0
000008,000005,00
1,0
46.818,0,0
4
6.5,-4.5,0
6.5,4.5,0
87.136,4.5,0
87.136,-4.5,0
000009,000005,00
1,0
0,47.8913,0
4
4.5,8.64665,0
-4.5,8.64665,0
-4.5,87.136,0
4.5,87.136,0
000051,000005,00
1,0
-30.1512,12.0605,0
4
-10.6311,9.09907,0
-13.9736,0.742781,0
-48,14.3534,0
-48,24.0466,0
000052,000005,00
1,0
-30.1512,-12.0605,0
4
-13.9736,-0.742781,0
-10.6311,-9.09907,0
-48,-24.0466,0
-48,-14.3534,0
000007,000006,00
1,0
50,-100,0
4
87.136,-95.5,0
87.136,-104.5,0
12.864,-104.5,0
12.864,-95.5,0
000008,000006,00
1,0
100,-53.182,0
4
104.5,-93.5,0
95.5,-93.5,0
95.5,-12.864,0
104.5,-12.864,0
000061,000006,00
1,0
56.159,-143.841,0
4
87.7218,-105.914,0
94.0858,-112.278,0
24.5962,-181.768,0
18.2322,-175.404,0
000062,000006,00
1,0
100,-155.432,0
4
95.5,-112.864,0
104.5,-112.864,0
104.5,-198,0
95.5,-198,0
000063,000006,00
1,0
143.841,-143.841,0
4
105.914,-112.278,0
112.278,-105.914,0
181.768,-175.404,0
175.404,-181.768,0
000064,000006,00
1,0
155.432,-100,0
4
112.864,-104.5,0
112.864,-95.5,0
198,-95.5,0
198,-104.5,0
000008,000007,00
1,0
50,-50,0
4
12.2782,-94.0858,0
5.91421,-87.7218,0
87.7218,-5.91421,0
94.0858,-12.2782,0
000010,000007,00
1,0
-50,-50,0
4
-5.91421,-87.7218,0
-12.2782,-94.0858,0
-94.0858,-12.2782,0
-87.7218,-5.91421,0
000071,000007,00
1,0
-45.432,-100,0
4
-12.864,-95.5,0
-12.864,-104.5,0
-78,-104.5,0
-78,-95.5,0
000072,000007,00
1,0
-43.841,-143.841,0
4
-12.2782,-105.914,0
-5.91421,-112.278,0
-75.4038,-181.768,0
-81.7678,-175.404,0
000073,000007,00
1,0
0,-155.432,0
4
-4.5,-112.864,0
4.5,-112.864,0
4.5,-198,0
-4.5,-198,0
000009,000008,00
1,0
50,50,0
4
94.0858,12.2782,0
87.7218,5.91421,0
5.91421,87.7218,0
12.2782,94.0858,0
000081,000008,00
1,0
143.841,-43.841,0
4
105.914,-12.2782,0
112.278,-5.91421,0
181.768,-75.4038,0
175.404,-81.7678,0
000082,000008,00
1,0
155.432,0,0
4
112.864,-4.5,0
112.864,4.5,0
198,4.5,0
198,-4.5,0
000083,000008,00
1,0
143.841,43.841,0
4
112.278,5.91421,0
105.914,12.2782,0
175.404,81.7678,0
181.768,75.4038,0
000010,000009,00
1,0
-50,50,0
4
-12.2782,94.0858,0
-5.91421,87.7218,0
-87.7218,5.91421,0
-94.0858,12.2782,0
000091,000009,00
1,0
46.3105,146.311,0
4
17.2172,110.853,0
10.8533,117.217,0
75.4038,181.768,0
81.7678,175.404,0
000092,000009,00
1,0
17.5644,158.548,0
4
10.0137,117.719,0
1.3933,120.305,0
25.1151,199.377,0
33.7355,196.791,0
000093,000009,00
1,0
-17.5644,158.548,0
4
-1.3933,120.305,0
-10.0137,117.719,0
-33.7355,196.791,0
-25.1151,199.377,0
000094,000009,00
1,0
-46.3105,146.311,0
4
-10.8533,117.217,0
-17.2172,110.853,0
-81.7678,175.404,0
-75.4038,181.768,0
000051,000010,00
1,0
-71.9034,11.2387,0
4
-90.1355,-0.900836,0
-93.478,7.45545,0
-52,24.0466,0
-52,14.3534,0
000052,000010,00
1,0
-71.9034,-11.2387,0
4
-93.478,-7.45545,0
-90.1355,0.900836,0
-52,-14.3534,0
-52,-24.0466,0
000101,000010,00
1,0
-146.311,46.3105,0
4
-110.853,17.2172,0
-117.217,10.8533,0
-181.768,75.4038,0
-175.404,81.7678,0
000102,000010,00
1,0
-158.548,17.5644,0
4
-117.719,10.0137,0
-120.305,1.3933,0
-199.377,25.1151,0
-196.791,33.7355,0
000103,000010,00
1,0
-158.548,-17.5644,0
4
-120.305,-1.3933,0
-117.719,-10.0137,0
-196.791,-33.7355,0
-199.377,-25.1151,0
000104,000010,00
1,0
-146.311,-46.3105,0
4
-117.217,-10.8533,0
-110.853,-17.2172,0
-175.404,-81.7678,0
-181.768,-75.4038,0
000105,000010,00
1,0
-100,-45.432,0
4
-104.5,-12.864,0
-95.5,-12.864,0
-95.5,-78,0
-104.5,-78,0
