0,11111111,1,111,59,110
1,111111,0,2,190
2,111122,1,198,3
3,22,2
4,111011,5,50,342
5,1122111122,4,140,326,327,141
6,111001111122,55,226,227,198,109,283
7,01,8
8,1001,7,9
9,1001,8,10
10,1001,9,11
11,1001,10,12
12,1001,11,13
13,1001,12,14
14,1001,13,15
15,1001,14,16
16,1001,15,17
17,1001,16,18
18,1001,17,19
19,1001,18,20
20,1001,19,21
21,1001,20,22
22,1001,21,23
23,1001,22,24
24,1001,23,25
25,1001,24,26
26,1001,25,27
27,1001,26,28
28,1001,27,29
29,1001,28,30
30,1001,29,31
31,1001,30,32
32,1001,31,33
33,1001,32,34
34,1001,33,35
35,100111,34,347,36
36,1111,35,37
37,1111,36,38
38,1111,37,39
39,111001,38,41,40
40,1001,39,41
41,01112001012210,39,259,167,106,105,263,40
42,111111,43,278,296
43,111111,42,44,113
44,112222,43,192,252
45,11210212,46,52,57,51
46,111111,45,325,215
47,0122,48,139
48,100111,47,49,249
49,102222,48,233,249
50,01111121,4,141,297,51
51,211211,45,50,89
52,12102210,45,215,279,57
53,111111,54,59,281
54,11111001,53,281,58,60
55,1122111122,6,101,188,56,102
56,111111,55,188,213
57,2001221001,45,52,284,244,182
58,01111211,54,281,221,250
59,1111111111,0,53,60,283,309
60,10110111,54,61,245,59
61,1111,60,62
62,11221122,61,99,289,100
63,111111,64,93,212
64,111111,63,173,180
65,2322,66,137
66,322201,65,138,67
67,1001,66,68
68,10011110,67,138,288,298
69,111001,70,291,292
70,111001,69,187,92
71,11101112,72,203,108,107
72,1111,71,73
73,11221122,72,95,74,94
74,111111,73,225,212
75,01,76
76,1001,75,77
77,1001,76,78
78,100101,77,79,196
79,1001,78,80
80,1001,79,81
81,10,80
82,1122221122,95,197,284,279,96
83,1111,84,202
84,1111,83,85
85,1111,84,86
86,1122,85,87
87,22221122,86,102,88,103
88,111111,87,213,89
89,111111,51,88,213
90,22,91
91,22112211,90,291,92,330
92,10220122,70,93,175,91
93,112211220122,63,179,174,92,315,94
94,22112210,73,212,93,203
95,2211112211,73,171,82,96,254
96,22222222,82,97,252,95
97,222222200210,96,279,98,251,334,252
98,222211,97,99,251
99,222211,62,98,231
100,2211112211,62,289,188,101,245
101,2222,55,100
102,2211221111,55,372,87,200,226
103,2222221122,87,297,104,280,317
104,2211,103,261
105,100101,41,106,343
106,100110,41,167,105
107,2122011111,71,184,244,197,171
108,110110,71,186,185
109,1111,6,110
110,1111,0,109
111,1111,0,112
112,111111,111,189,282
113,11200222,43,335,251,221
114,22,115
115,2222,114,116
116,2222,115,117
117,2222,116,118
118,2222,117,119
119,2222,118,120
120,2222,119,121
121,2222,120,122
122,2222,121,123
123,2222,122,124
124,2222,123,125
125,2222,124,126
126,2222,125,127
127,2222,126,128
128,2222,127,129
129,2222,128,130
130,2222,129,131
131,2222,130,132
132,2222,131,133
133,2222,132,134
134,2222,133,135
135,2222,134,136
136,2222,135,137
137,2222,65,136
138,22222210,66,170,139,68
139,22221122111122,47,249,285,138,370,209,140
140,2211221111,5,341,139,209,328
141,22112211,5,259,316,50
142,02,143
143,2002,142,144
144,2002,143,145
145,2002,144,146
146,2002,145,147
147,2002,146,148
148,2002,147,149
149,2002,148,150
150,2002,149,151
151,2002,150,152
152,2002,151,153
153,2002,152,154
154,2002,153,155
155,2002,154,156
156,2002,155,157
157,2002,156,158
158,2002,157,159
159,2012,158,160
160,2112,159,161
161,2112,160,162
162,2112,161,163
163,211211,162,164,168
164,211012,163,345,165
165,211012,164,196,166
166,211112,165,306,167
167,02112110,41,230,166,106
168,11111111,163,240,169,239
169,11111122,168,210,170,216
170,22011111,138,206,169,368
171,111111,95,107,197
172,111111,173,257,178
173,111111,64,211,172
174,1111,93,175
175,101111110111,92,174,180,176,256,330
176,112211,175,177,256
177,22222222,176,180,178,181
178,11222222,172,323,181,177
179,2222,93,180
180,11221122,64,177,175,179
181,222222,177,178,324
182,1001,57,183
183,101101,182,244,184
184,220110,107,185,183
185,0110,108,184
186,101001,108,203,187
187,01101011,70,292,186,315
188,11111111,55,100,214,56
189,1111,112,190
190,1111,1,189
191,111122,262,295,346
192,222211,44,371,193
193,1111,192,194
194,1111,193,195
195,11221111,194,371,296,340
196,10100101,78,344,165,345
197,2211111111,82,171,107,244,284
198,111111,2,6,199
199,111111,198,227,228
200,1111,102,201
201,1111,200,202
202,1111,83,201
203,01011001,71,94,315,186
204,111001,205,343,306
205,11,204
206,1001,170,207
207,1001,206,208
208,10,207
209,11111111,139,210,329,140
210,1111,169,209
211,111111,173,212,222
212,11111111,63,94,74,211
213,1111111111,56,325,89,88,372
214,11111111,188,289,215,325
215,11111101,46,214,231,52
216,2222,169,217
217,2222,216,218
218,2222,217,219
219,2222,218,220
220,22,219
221,212222,58,278,113
222,1111,211,223
223,11112222,222,224,320,321
224,1111,223,225
225,111111,74,319,224
226,011111,6,102,227
227,101111,6,226,199
228,1111,199,229
229,11,228
230,11111111,167,367,329,243
231,11111111,99,279,215,289
232,11111111,233,310,300,247
233,223311,49,234,232
234,3322,233,346
235,11,236
236,1111,235,237
237,1111,236,238
238,1111,237,239
239,1111,168,238
240,1111,168,241
241,1111,240,242
242,1111,241,243
243,1111,230,242
244,01111011,57,197,107,183
245,101111,60,100,283
246,111111,247,287,286
247,111111,232,246,248
248,1111,247,249
249,11221122,48,49,248,139
250,1111,58,251
251,021111200220,97,98,250,113,335,305
252,2222220122,44,253,96,97,305
253,222211,252,319,254
254,1111,95,253
255,11,256
256,10110111,175,176,324,255
257,1111,172,258
258,112222,257,321,322
259,11111111,41,260,141,327
260,1111,259,261
261,111111,104,297,260
262,11,191
263,2222,41,264
264,2222,263,265
265,2222,264,266
266,2222,265,267
267,2222,266,268
268,2222,267,269
269,2222,268,270
270,22,269
271,02,272
272,2002,271,273
273,2002,272,274
274,200222,273,336,275
275,2222,274,276
276,2222,275,277
277,2222,276,278
278,112222,42,221,277
279,11221122,82,52,231,97
280,11,103
281,11111111,53,282,58,54
282,1111,112,281
283,22111111,6,309,59,245
284,222211,57,82,197
285,1111,139,286
286,111111,246,287,285
287,111111,246,288,286
288,1111,68,287
289,11111111,62,231,214,100
290,12,291
291,011121,69,91,290
292,1001,69,187
293,11,294
294,1111,293,295
295,111111,191,294,346
296,1111,42,195
297,11221122,50,316,261,103
298,011110,68,299,333
299,111122,298,300,310
300,1111,232,299
301,01,302
302,1001,301,303
303,1001,302,304
304,10,303
305,022220,251,252,334
306,11011110,166,344,307,204
307,1111,306,308
308,11,307
309,1111,59,283
310,1122,232,299
311,11,312
312,1111,311,313
313,1111,312,314
314,11,313
315,101101,93,187,203
316,2222,141,297
317,2222,103,318
318,22,317
319,112222,225,253,320
320,2222,223,319
321,2222,223,258
322,2222,258,323
323,2222,178,322
324,2210,181,256
325,111111,46,213,214
326,111111,5,328,327
327,11111111,5,326,367,259
328,11111111,140,329,367,326
329,111111,209,230,328
330,1111,91,175
331,01,332
332,1001,331,333
333,0110,298,332
334,2002,97,305
335,0220,113,251
336,2002,274,337
337,2002,336,338
338,20,337
339,11,340
340,1111,195,339
341,1111,140,342
342,1111,4,341
343,1001,105,204
344,0110,196,306
345,0110,164,196
346,221122,191,295,234
347,1001,35,348
348,1001,347,349
349,1001,348,350
350,1001,349,351
351,1001,350,352
352,1001,351,353
353,1001,352,354
354,1001,353,355
355,1001,354,356
356,1001,355,357
357,1001,356,358
358,1001,357,359
359,1001,358,360
360,1001,359,361
361,1001,360,362
362,1001,361,363
363,1001,362,364
364,1001,363,365
365,1001,364,366
366,10,365
367,111111,230,327,328
368,1111,170,369
369,1111,368,370
370,1111,139,369
371,2222,192,195
372,1111,102,213
