0,11111111,1,86,34,85
1,111111,0,2,126
2,111122,1,134,3
3,22,2
4,111011,5,25,272
5,1122111122,4,94,256,257,95
6,111001111122,30,162,163,134,84,213
7,01,8
8,1001,7,9
9,1001,8,10
10,100111,9,277,11
11,1111,10,12
12,1111,11,13
13,1111,12,14
14,111001,13,16,15
15,1001,14,16
16,01112001012210,14,195,103,81,80,199,15
17,111111,18,208,226
18,111111,17,19,88
19,112222,18,128,188
20,11210212,21,27,32,26
21,111111,20,255,151
22,0122,23,93
23,100111,22,24,185
24,102222,23,169,185
25,01111121,4,95,227,26
26,211211,20,25,64
27,12102210,20,151,209,32
28,111111,29,34,211
29,11111001,28,211,33,35
30,1122111122,6,76,124,31,77
31,111111,30,124,149
32,2001221001,20,27,214,180,118
33,01111211,29,211,157,186
34,1111111111,0,28,35,213,239
35,10110111,29,36,181,34
36,1111,35,37
37,11221122,36,74,219,75
38,111111,39,68,148
39,111111,38,109,116
40,2322,41,91
41,322201,40,92,42
42,1001,41,43
43,10011110,42,92,218,228
44,111001,45,221,222
45,111001,44,123,67
46,11101112,47,139,83,82
47,1111,46,48
48,11221122,47,70,49,69
49,111111,48,161,148
50,01,51
51,1001,50,52
52,1001,51,53
53,100101,52,54,132
54,1001,53,55
55,1001,54,56
56,10,55
57,1122221122,70,133,214,209,71
58,1111,59,138
59,1111,58,60
60,1111,59,61
61,1122,60,62
62,22221122,61,77,63,78
63,111111,62,149,64
64,111111,26,63,149
65,22,66
66,22112211,65,221,67,260
67,10220122,45,68,111,66
68,112211220122,38,115,110,67,245,69
69,22112210,48,148,68,139
70,2211112211,48,107,57,71,190
71,22222222,57,72,188,70
72,222222200210,71,209,73,187,264,188
73,222211,72,74,187
74,222211,37,73,167
75,2211112211,37,219,124,76,181
76,2222,30,75
77,2211221111,30,285,62,136,162
78,2222221122,62,227,79,210,247
79,2211,78,197
80,100101,16,81,273
81,100110,16,103,80
82,2122011111,46,120,180,133,107
83,110110,46,122,121
84,1111,6,85
85,1111,0,84
86,1111,0,87
87,111111,86,125,212
88,11200222,18,265,187,157
89,22,90
90,2222,89,91
91,2222,40,90
92,22222210,41,106,93,43
93,22221122111122,22,185,215,92,283,145,94
94,2211221111,5,271,93,145,258
95,22112211,5,195,246,25
96,12,97
97,2112,96,98
98,2112,97,99
99,211211,98,100,104
100,211012,99,275,101
101,211012,100,132,102
102,211112,101,236,103
103,02112110,16,166,102,81
104,11111111,99,176,105,175
105,11111122,104,146,106,152
106,22011111,92,142,105,281
107,111111,70,82,133
108,111111,109,193,114
109,111111,39,147,108
110,1111,68,111
111,101111110111,67,110,116,112,192,260
112,112211,111,113,192
113,22222222,112,116,114,117
114,11222222,108,253,117,113
115,2222,68,116
116,11221122,39,113,111,115
117,222222,113,114,254
118,1001,32,119
119,101101,118,180,120
120,220110,82,121,119
121,0110,83,120
122,101001,83,139,123
123,01101011,45,222,122,245
124,11111111,30,75,150,31
125,1111,87,126
126,1111,1,125
127,111122,198,225,276
128,222211,19,284,129
129,1111,128,130
130,1111,129,131
131,11221111,130,284,226,270
132,10100101,53,274,101,275
133,2211111111,57,107,82,180,214
134,111111,2,6,135
135,111111,134,163,164
136,1111,77,137
137,1111,136,138
138,1111,58,137
139,01011001,46,69,245,122
140,111001,141,273,236
141,11,140
142,1001,106,143
143,1001,142,144
144,10,143
145,11111111,93,146,259,94
146,1111,105,145
147,111111,109,148,158
148,11111111,38,69,49,147
149,1111111111,31,255,64,63,285
150,11111111,124,219,151,255
151,11111101,21,150,167,27
152,2222,105,153
153,2222,152,154
154,2222,153,155
155,2222,154,156
156,22,155
157,212222,33,208,88
158,1111,147,159
159,11112222,158,160,250,251
160,1111,159,161
161,111111,49,249,160
162,011111,6,77,163
163,101111,6,162,135
164,1111,135,165
165,11,164
166,11111111,103,280,259,179
167,11111111,74,209,151,219
168,11111111,169,240,230,183
169,223311,24,170,168
170,3322,169,276
171,11,172
172,1111,171,173
173,1111,172,174
174,1111,173,175
175,1111,104,174
176,1111,104,177
177,1111,176,178
178,1111,177,179
179,1111,166,178
180,01111011,32,133,82,119
181,101111,35,75,213
182,111111,183,217,216
183,111111,168,182,184
184,1111,183,185
185,11221122,23,24,184,93
186,1111,33,187
187,021111200220,72,73,186,88,265,235
188,2222220122,19,189,71,72,235
189,222211,188,249,190
190,1111,70,189
191,11,192
192,10110111,111,112,254,191
193,1111,108,194
194,112222,193,251,252
195,11111111,16,196,95,257
196,1111,195,197
197,111111,79,227,196
198,11,127
199,2222,16,200
200,22,199
201,02,202
202,2002,201,203
203,2002,202,204
204,200222,203,266,205
205,2222,204,206
206,2222,205,207
207,2222,206,208
208,112222,17,157,207
209,11221122,57,27,167,72
210,11,78
211,11111111,28,212,33,29
212,1111,87,211
213,22111111,6,239,34,181
214,222211,32,57,133
215,1111,93,216
216,111111,182,217,215
217,111111,182,218,216
218,1111,43,217
219,11111111,37,167,150,75
220,12,221
221,011121,44,66,220
222,1001,44,123
223,11,224
224,1111,223,225
225,111111,127,224,276
226,1111,17,131
227,11221122,25,246,197,78
228,011110,43,229,263
229,111122,228,230,240
230,1111,168,229
231,01,232
232,1001,231,233
233,1001,232,234
234,10,233
235,022220,187,188,264
236,11011110,102,274,237,140
237,1111,236,238
238,11,237
239,1111,34,213
240,1122,168,229
241,11,242
242,1111,241,243
243,1111,242,244
244,11,243
245,101101,68,123,139
246,2222,95,227
247,2222,78,248
248,22,247
249,112222,161,189,250
250,2222,159,249
251,2222,159,194
252,2222,194,253
253,2222,114,252
254,2210,117,192
255,111111,21,149,150
256,111111,5,258,257
257,11111111,5,256,280,195
258,11111111,94,259,280,256
259,111111,145,166,258
260,1111,66,111
261,01,262
262,1001,261,263
263,0110,228,262
264,2002,72,235
265,0220,88,187
266,2002,204,267
267,2002,266,268
268,20,267
269,11,270
270,1111,131,269
271,1111,94,272
272,1111,4,271
273,1001,80,140
274,0110,132,236
275,0110,100,132
276,221122,127,225,170
277,1001,10,278
278,1001,277,279
279,10,278
280,111111,166,257,258
281,1111,106,282
282,1111,281,283
283,1111,93,282
284,2222,128,131
285,1111,77,149
